err1	err2
-0.136588120678717	-0.13118162471469
-0.289688092974622	-0.272290142167322
0.613948415862906	0.626212220739366
-0.678777295542242	-0.679791930391012
0.647958283720474	0.636700653177129
-0.678777295542242	-0.679791930391012
-0.711611335088536	-0.715074348058851
-0.289688092974622	-0.272290142167322
0.613948415862906	0.626212220739366
-0.198608914559077	-0.212500727401724
-0.435162273882189	-0.441965257386395
0.29488093703323	0.278320008033174
-0.136588120678717	-0.13118162471469
0.422191626117008	0.421345964725736
0.690717748333862	0.69839521089545
-0.279535320405135	-0.286210386355719
-0.497049026520661	-0.498682311719929
-0.311404365583815	-0.311548721835731
0.715283348821197	0.723341625224117
-0.279535320405135	-0.286210386355719
-0.805924675738398	-0.804598745587693
-0.380199998780676	-0.367967980517353
-0.497049026520661	-0.498682311719929
-0.546947933863341	-0.545808432655521
-0.636121416323905	-0.64355734850662
-0.85048631741433	-0.835651371544158
-0.546947933863341	-0.545808432655521
-0.424686656555529	-0.42441450500613
-0.685533668611655	-0.678495513758546
-0.235396580662456	-0.230591475284121
-1.31743029540725	-1.3014698243881
-0.300309603488995	-0.281412643385581
-0.470367241474371	-0.470717520725988
-0.296362583115007	-0.285483523076635
-0.470367241474371	-0.470717520725988
-0.38497738988566	-0.390314305072208
-0.712323812118536	-0.710520497656386
-0.68471977497471	-0.684160686666758
-0.300309603488995	-0.281412643385581
-1.29594763249927	-1.28990407513023
-0.670639414846447	-0.665885112464486
-0.75073678588687	-0.752633652655102
1.68139653115145	1.67383489284299
1.68139653115145	1.67383489284299
1.68139653115145	1.67383489284299
1.68139653115145	1.67383489284299
1.81620714233911	1.80335199815884
-0.411541347898312	-0.410640315264624
-0.411541347898312	-0.410640315264624
-0.464676743889494	-0.455899588189831
1.68139653115145	1.67383489284299
-0.117526570032085	-0.122166623064036
-0.75073678588687	-0.752633652655102
1.68139653115145	1.67383489284299
1.81620714233911	1.80335199815884
-0.117526570032085	-0.122166623064036
-0.888136617287894	-0.893261160745217
-0.493317803615328	-0.486557976455814
-0.411541347898312	-0.410640315264624
-0.464676743889494	-0.455899588189831
-0.51611309341745	-0.52505201189
-0.51611309341745	-0.52505201189
0.0215542245825393	0.0243051894929014
-0.609881919059264	-0.638063894069708
-1.44616629417181	-1.45278926104184
1.12268208365466	1.11193276336966
-0.277480064915768	-0.298789102789093
-0.870069039788724	-0.894244773697142
-0.277480064915768	-0.298789102789093
-0.054852584033191	-0.0638720347585826
-0.741486776734497	-0.743198059696521
-0.235391096941918	-0.247693782187879
0.321008958289295	0.318253189475354
0.0830341186353429	0.0898646983177649
-1.26935994832218	-1.28541138265641
0.638111997005973	0.643616137994798
-0.491290627793876	-0.504575247737773
-0.219426254888093	-0.223684744521008
-0.260630601070069	-0.266133966712066
0.525988304710313	0.523795611087595
0.388180040863368	0.393306086539436
0.636509720374301	0.643616137994798
-0.0788089381490336	-0.0849366059457566
-0.663350515824699	-0.66517868748965
2.09670577799914	2.07446833210354
-0.18992429564789	-0.201586129531413
0.653356567023068	0.665880408163542
0.471188113098929	0.481227311255013
-0.16528264638933	-0.176918291945711
0.368617255618447	0.332637300962398
0.969710991356717	0.956461129990488
-0.0181894820333577	-0.0277741697868272
0.93263068962043	0.937300764647783
1.10366280107916	1.06420286959356
0.207230122456189	0.198890833121601
1.10366280107916	1.06420286959356
-0.598362001758646	-0.600954937437439
-0.0181894820333577	-0.0277741697868272
-1.09121455189829	-1.09973568395196
0.93263068962043	0.937300764647783
0.141858761497189	0.137184214713419
-0.703924940708012	-0.716322627593859
-0.703924940708012	-0.716322627593859
0.623560698231041	0.63072312758724
0.876794554802261	0.869469085519167
0.786091211422202	0.800937524394422
-1.14490559076462	-1.10419679300844
-0.0478774681676573	-0.0788128573394795
-0.628934467713841	-0.622846599691323
-1.01641265153943	-1.02143847894687
-0.890187070259866	-0.917218216040394
-0.582410778218577	-0.579404156370789
-0.588867884141876	-0.587511455595264
-0.704572226555822	-0.701030920709103
-0.411323160871516	-0.419937302992353
-0.518496622114857	-0.52416328465183
0.672959804253054	0.652239143919179
0.672959804253054	0.652239143919179
1.92522777827943	1.91305167321526
0.91866190775495	0.905679852982779
-0.429094168041379	-0.410155155252378
0.198682704479817	0.185558501266739
0.804238048119227	0.799107875788602
-0.48476906841026	-0.534313655578337
0.436772900312311	0.433216780806045
-0.916657694163561	-0.920611596006821
-0.908702277642234	-0.912002546003951
-0.903151320029347	-0.918624231780226
-1.13082327693653	-1.14962017363194
0.384830574257909	0.382099121397788
-0.214095456961861	-0.208957210043361
-0.54900924089939	-0.553200720429292
-0.54900924089939	-0.553200720429292
-0.158771489395681	-0.164332508488907
-0.678154054990648	-0.694439867403063
-1.856393006119	-1.86747398098467
-0.456906127342444	-0.464615097759663
-0.54900924089939	-0.553200720429292
-0.560371922819246	-0.575039608705654
0.642838832548427	0.633398341939517
-0.0271279178057116	-0.0369930789593207
-0.0271279178057116	-0.0369930789593207
-0.185445956856432	-0.193713237271177
-0.167219348210071	-0.178903488513965
-0.0271279178057116	-0.0369930789593207
-0.0871045795250724	-0.0981962407752208
0.822857055543464	0.805242253539446
0.642838832548427	0.633398341939517
0.35085703027775	0.332535577565653
0.117345479346485	0.102876181457512
0.0162845254934432	0.00943333875452002
-0.695591634719254	-0.714802025346811
0.35085703027775	0.332535577565653
-0.63174501399422	-0.609765071566986
-0.600529442604791	-0.579801490191758
-0.63174501399422	-0.609765071566986
-0.549040511351299	-0.52545208010674
1.77796707731576	1.76693191701792
1.77796707731576	1.76693191701792
1.77796707731576	1.76693191701792
1.77796707731576	1.76693191701792
1.77796707731576	1.76693191701792
1.77796707731576	1.76693191701792
-0.981618172565437	-0.990738332628968
-1.0081118615204	-1.02141213475675
0.515506185281391	0.505303889448802
0.500440382717634	0.487668427619702
0.941954383951354	0.92593812606023
-0.639346001461559	-0.651342561237948
0.179848197947414	0.174050248880722
1.77796707731576	1.76693191701792
-1.81415653673553	-1.81458710301709
-0.264313534720038	-0.297407846098259
-0.233796133244399	-0.275171185789375
0.226579291910289	0.224808785231208
0.743665955361545	0.740848316094195
-0.215341255150817	-0.208726791683752
-0.425215857759506	-0.411366639064799
0.571444938460887	0.576922722263058
-1.1806345099223	-1.17854895869151
0.551330792359434	0.571423476241692
-0.127299618038371	-0.123491033288799
0.29173184881724	0.292878529319651
0.304538774726311	0.304845199924487
0.115159066416297	0.10490817611126
-1.1806345099223	-1.17854895869151
-1.08631346777866	-1.07939359508767
-0.723032499030009	-0.721854839911797
-0.348752574870375	-0.347917374123433
-0.492712638615131	-0.531089170904878
-0.477154578155646	-0.484429071007519
-1.20890922430382	-1.21828402407339
0.1627604689713	0.160568661894256
-0.249256111303333	-0.267647188980715
0.1627604689713	0.160568661894256
1.6999095422552	1.68103354977263
-0.691373712130119	-0.694429093697712
-0.722516027877496	-0.712323024363962
-0.295974936260554	-0.275281928463897
-0.249256111303333	-0.267647188980715
-0.439552803117336	-0.458068053614097
0.264307164533008	0.26907171979186
-0.833328841586942	-0.85252321086758
-0.663988344150929	-0.668427795925933
0.119691149950104	0.119706497571612
0.264307164533008	0.26907171979186
0.361386214582607	0.343956047676508
0.428518868477894	0.443015321685249
-0.438568352154618	-0.421719105607876
-0.712663288897128	-0.704646052073117
0.249974373048876	0.243590156125507
0.507882132237406	0.510494640807278
-1.03662409971339	-1.03141107122722
-1.32661370454952	-1.37490350823609
-0.328730368693094	-0.336863300782451
-0.328730368693094	-0.336863300782451
-0.328730368693094	-0.336863300782451
-1.03392451006749	-1.03605668474366
-0.47699355256926	-0.498429943980694
-0.328730368693094	-0.336863300782451
-0.519430645012084	-0.520700683676136
-0.34020761035538	-0.348049033448119
-1.03392451006749	-1.03605668474366
-2.09919166856868	-2.09029301349805
0.306336424939483	0.30757235834584
-1.12915017724199	-1.14771556471162
0.581975757030053	0.594220340856265
0.782891176119413	0.788874119514374
0.269889024065293	0.255656624743075
-0.0823277860444556	-0.0942451979986378
0.24228506315723	0.241256334518427
-0.652994841002055	-0.680663592999377
-0.0518894612135608	-0.0628140765292269
0.0253044549899748	0.0194681043592242
-0.0264342013678291	-0.0281265844163467
-0.600558327885503	-0.60124118293256
-0.600558327885503	-0.60124118293256
-1.27643191871976	-1.2608551966193
-0.600558327885503	-0.60124118293256
-0.239669048836161	-0.23097659763391
0.473733154926372	0.472047387381815
-0.231550945850824	-0.222252536288624
0.39804337287094	0.410951368136268
-0.457886165008015	-0.446679830314324
-0.313109923925481	-0.289958510503139
-0.319491056129672	-0.296893529071276
-0.604664620937413	-0.601531685096285
0.57867302850597	0.521724510872006
-0.315721203320855	-0.325805627396675
0.239064586138507	0.236831922977849
-0.143320213614402	-0.154165622631073
-0.0851711602379073	-0.0810744395099015
-0.143320213614402	-0.154165622631073
-2.09100578785181	-2.08825885590105
-0.784574885136401	-0.813206367939804
-0.191436347506622	-0.184684965993849
-0.191436347506622	-0.184684965993849
-1.13599798995529	-1.13307061354097
-0.138704379233837	-0.138871029755548
-0.888509131758381	-0.914646966083128
-0.158644615030862	-0.160139401310694
0.392274347006921	0.374906913767893
-0.155760296800271	-0.153700233822404
-0.0656871460277699	-0.0963488350313852
-0.69961495561137	-0.711787839431832
-0.158644615030862	-0.160139401310694
0.392274347006921	0.374906913767893
0.365183752029597	0.346285258024091
-0.398207150556917	-0.409706406153741
-0.232546263988791	-0.237344425386034
-0.0648136855296491	-0.062071065945223
-0.354993779978502	-0.35996785183822
0.537035003188031	0.54068698509925
0.537035003188031	0.54068698509925
0.537035003188031	0.54068698509925
0.537035003188031	0.54068698509925
-0.135899040976939	-0.143716135515233
-0.650203143909986	-0.663646818401185
-1.79265000957741	-1.7767783134815
-0.0901034719018758	-0.0964227948694409
0.537035003188031	0.54068698509925
-0.930028789695307	-0.95262859746876
-0.930028789695307	-0.95262859746876
-0.0405179864620759	-0.0510859462883966
-0.0405179864620759	-0.0510859462883966
-0.0405179864620759	-0.0510859462883966
-0.0405179864620759	-0.0510859462883966
-0.645366127332602	-0.650800668991272
-0.0561326695829392	-0.0394625656881704
0.688007788278888	0.68580851159555
-0.930028789695307	-0.95262859746876
-1.26375067969923	-1.2634057228581
-0.284915481485444	-0.293266291897408
-1.26375067969923	-1.2634057228581
-1.12158611641221	-1.13770809344638
-1.26375067969923	-1.2634057228581
-0.284915481485444	-0.293266291897408
-0.306000879595557	-0.306536611065294
-0.574297062837394	-0.613254119953165
0.651532226299524	0.539633112571082
-0.355793008983438	-0.468248830157805
-0.0308005384271137	-0.0836654779578963
0.553802116716577	0.557734065789696
-0.580060223840908	-0.597638456915687
-0.309934742023551	-0.313699179596747
-0.0614698981619961	-0.0675170495110669
-0.119577734838532	-0.130513726993449
0.434415905253466	0.435759823729503
-0.621803844615854	-0.623325452417355
-0.710784097923199	-0.731644136518875
0.382918463060949	0.376032798089516
-1.43593925921759	-1.44969442650496
-0.580060223840908	-0.597638456915687
-0.645148819104993	-0.645006142148951
0.811232422539265	0.802218714935157
0.441290006632822	0.427577865377588
0.245468996012777	0.218465865159618
0.474158151599635	0.471838240666637
0.811232422539265	0.802218714935157
0.441290006632822	0.427577865377588
-0.651776698488015	-0.654126658401196
0.361255239456901	0.353744816009712
0.5648973368775	0.571375485485157
-0.0777712891277416	-0.0843375022479984
-0.678461027091093	-0.676442658667554
-0.646250111348558	-0.65252751709117
-0.404026790266886	-0.400003192078432
-0.646250111348558	-0.65252751709117
-0.89767356371822	-0.91070315234407
-0.632884278974325	-0.638229196162207
-0.646250111348558	-0.65252751709117
-0.404026790266886	-0.400003192078432
2.68589632200603	2.67660051861832
2.68589632200603	2.67660051861832
2.68589632200603	2.67660051861832
2.68589632200603	2.67660051861832
2.68589632200603	2.67660051861832
2.68589632200603	2.67660051861832
2.68589632200603	2.67660051861832
1.78072140616989	1.78279140259764
2.68589632200603	2.67660051861832
0.114814806788037	0.112305513766835
-0.718959037449554	-0.721202069516811
-0.142263964577054	-0.124675812874211
0.814828335213855	0.759961744461522
-0.292847667637335	-0.28948287413341
0.814828335213855	0.759961744461522
0.48100410157444	0.486413750211523
0.716266997485548	0.738817365885499
-0.0722025268905195	-0.122949010311693
-0.510097430595511	-0.511799131233246
-0.619937596606048	-0.634171184064937
-1.14517955689687	-1.15263401985563
-0.281800092440359	-0.313591463213937
-0.273234259511136	-0.28605288397339
-0.619937596606048	-0.634171184064937
-1.08032115338664	-1.08564744090515
-0.589539180361398	-0.592597024328342
-0.769883295324919	-0.777837179229294
0.339728659141362	0.320615462519281
-1.14517955689687	-1.15263401985563
-0.944577772885928	-0.947111962173675
-0.485219696006341	-0.502310812018529
-0.460047643898272	-0.465040926989021
0.172097254392738	0.164573358019953
-0.371370967301204	-0.368113967680164
-0.596570899863342	-0.607650812839696
-0.460047643898272	-0.465040926989021
0.332833458695538	0.327420934251589
0.172097254392738	0.164573358019953
-0.353014059613334	-0.393750027377223
-0.745697981180117	-0.741818400489543
-0.0419517545765258	-0.0520263564161425
-0.526307552306965	-0.538384432679996
-0.526780064806268	-0.523352661067918
-0.15242816718415	-0.153477940229224
-0.277771683747897	-0.269649612059864
-0.907590432389078	-0.904838225198958
-0.0209722031925734	-0.0118939171558718
-0.277771683747897	-0.269649612059864
-0.121329680587235	-0.131075561523365
-0.246706833214659	-0.279054514169437
-0.384020363860732	-0.385906792323597
-0.907590432389078	-0.904838225198958
-0.780257185781025	-0.785579112930725
-0.780257185781025	-0.785579112930725
-0.394157647905543	-0.394195993936423
-0.682526098302435	-0.677813829235784
0.769971402797894	0.78627685571267
-1.81971407596602	-1.82491810102678
-0.612609906633096	-0.612570128261009
-1.34185371948272	-1.34450164346797
-0.612609906633096	-0.612570128261009
-0.179107590895506	-0.193602317235909
-0.304583474095587	-0.315664917105378
-0.867480982957817	-0.875799379522531
-0.912345641152363	-0.925205779602817
-0.912345641152363	-0.925205779602817
-0.912345641152363	-0.925205779602817
-0.867480982957817	-0.875799379522531
-0.912345641152363	-0.925205779602817
-0.789277378740599	-0.809711056511006
-0.280777508286676	-0.299518682566377
-0.674739040886516	-0.674145183022449
-0.443583197102777	-0.445857038457744
-0.443583197102777	-0.445857038457744
0.420373562686396	0.405737270421146
-0.0869957862102551	-0.0862513234684457
-0.394451996128049	-0.395964209800466
0.420373562686396	0.405737270421146
-0.573674320229526	-0.577102860991292
0.05736229537849	0.0496869409938991
0.603577391482429	0.588726903097421
0.05736229537849	0.0496869409938991
0.603577391482429	0.588726903097421
-0.302765345444511	-0.318500997399804
-0.573479693616838	-0.577102860991292
-0.06753852766942	-0.0633214273353984
0.567989219282641	0.566494317994336
0.567989219282641	0.566494317994336
0.567989219282641	0.566494317994336
0.567989219282641	0.566494317994336
-0.06753852766942	-0.0633214273353984
-0.06753852766942	-0.0633214273353984
0.567989219282641	0.566494317994336
0.109090210101358	0.127142106235632
0.0995041398954593	0.116059342308241
-0.679080519510515	-0.69011105443562
-0.274708595214233	-0.288412641787012
-0.247280357941808	-0.237342644588454
-0.0725335547416375	-0.047855812243407
-0.667068452027533	-0.684136738959573
-0.608161206069195	-0.622502626575066
-0.170505155904978	-0.175775690086176
-0.266545772280447	-0.285919329379603
-0.44777457199752	-0.469415499776408
-0.528820724192026	-0.54981956734378
-0.447579945384832	-0.469415499776408
-0.993048318778517	-0.994081618488795
-0.292828884251323	-0.298924123972663
-0.358350946604959	-0.362916099374678
-0.584643262941874	-0.590228606781064
-0.358350946604959	-0.362916099374678
-0.292828884251323	-0.298924123972663
-0.167392940392125	-0.16214388363449
-0.167392940392125	-0.16214388363449
-0.670255130441778	-0.673492416527438
-0.270910769429706	-0.27735234271319
-0.862950150037136	-0.864435604962521
-0.195242838486497	-0.203065978155063
-0.0778673279465201	-0.0849595725587262
-0.679563994357253	-0.68427951721752
-0.662617863124511	-0.657004319865403
-0.270910769429706	-0.27735234271319
0.603147760878134	0.58525462255669
-0.532030708403529	-0.53824693413687
-0.532030708403529	-0.53824693413687
-0.532030708403529	-0.53824693413687
0.310334301262644	0.28468955432496
-0.926135508548786	-0.925642290498503
0.603147760878134	0.58525462255669
-0.192151722078644	-0.203626966962107
-0.676310559457237	-0.700907257748526
-0.374528197751553	-0.37612286871345
-0.52609772716073	-0.515984023227634
-0.52609772716073	-0.515984023227634
-1.07382136651846	-1.08720621826857
-0.980244451108636	-0.990114810448354
-0.62112137617725	-0.629520604372667
-0.324622443134652	-0.319953377863406
-1.00285789054825	-0.997734700887364
-0.79127003774786	-0.79687047020435
-1.22574885191344	-1.22597320286967
-0.32524038316837	-0.499372217204151
0.388121077686718	0.384639333846515
-0.92069178737381	-0.921070225389705
-0.868936483593799	-0.867319064765016
-0.623190471546184	-0.622898417119378
-0.623190471546184	-0.622898417119378
0.063946043063285	0.0768045259834338
-1.54941093215987	-1.63045508135513
-0.623190471546184	-0.622898417119378
-0.512435600337135	-0.520289420740629
-1.50762180143904	-1.51292907232365
0.113077244037956	0.126697354640712
-0.678483728682661	-0.682450004539983
0.0655287201553678	0.0614667789701464
-0.67905821835783	-0.684089084316649
-0.375874156382797	-0.367730392865536
-0.375874156382797	-0.367730392865536
-0.282661331609974	-0.27710629610134
-0.843698683471062	-0.863146319147632
-0.462588634535503	-0.461683349716038
0.299143668899283	0.282593008040246
-0.35503559869648	-0.360116446807253
-0.0150903984471906	-0.0264376567189855
-0.35503559869648	-0.360116446807253
-0.182059374686549	-0.297540336317482
-1.02714117589642	-1.04329817960096
0.0509223223202362	0.0303889142624811
-0.474604117799713	-0.490666185069284
0.510330231023008	0.487321148086724
-0.325157828900434	-0.340587126536743
0.318825855491134	0.280332947872125
-0.470400485038267	-0.487973156627882
-0.852338550699212	-0.85884687798235
-0.916842125610366	-0.916556363459819
-1.46132026871125	-1.47133328797507
-2.55991874893481	-2.54495450690873
-0.663684554662511	-0.673004804286109
-1.18797651519355	-1.21458758036858
-0.57778821460636	-0.582747138641913
-0.57778821460636	-0.582747138641913
-0.181180231180508	-0.17834690167422
-0.0905978421929206	-0.101079623059118
-0.606215914516928	-0.603280907129971
-0.334450910011041	-0.339588522938518
0.237901230050016	0.233961320641422
0.216161050286441	0.214295245331914
-0.165883821807476	-0.213181557738522
-0.554369794629356	-0.557550952286995
-0.607016264988395	-0.603632760144871
0.216161050286441	0.214295245331914
-0.836283425946575	-0.839415945925944
-0.0874549288609243	-0.0920668135714786
-0.165883821807476	-0.213181557738522
-0.272087833043489	-0.31878067018358
0.237901230050016	0.233961320641422
0.967206538542518	0.962853251668133
0.665244814978175	0.682145738643478
0.669056401792441	0.686211027333663
0.669056401792441	0.686211027333663
-0.352618234188212	-0.373342864600247
-0.302644902454169	-0.318667864400034
-0.470041788628568	-0.479697059274706
0.664272004166046	0.682145738643478
0.667854694318644	0.686211027333663
-0.876914246447713	-0.881905289937709
-0.0782123944278981	-0.0836329095005297
-0.910697635930156	-0.912508923553291
-1.00402591596522	-1.00208987973661
-0.656813326200798	-0.656912320953857
-0.75440718970994	-0.75377931040437
-0.75440718970994	-0.75377931040437
-1.00402591596522	-1.00208987973661
-0.583309675644722	-0.565861817880995
-0.691902904731821	-0.689168113237909
-0.396961455308089	-0.374546090453942
-0.7156296202668	-0.731045423442807
-0.75440718970994	-0.75377931040437
-0.047254378360134	-0.0515318549061439
-0.111819784059223	-0.118606376584786
-0.524442465772695	-0.534143901232643
-0.979460315477833	-0.977143465407941
-0.656813326200798	-0.656912320953857
0.00215303150842328	-0.0289286700421343
-1.6459754476677	-1.63678238374609
0.415534489807419	0.430703434139244
-0.271068596775443	-0.2766931600401
0.909366320314878	0.902274608942939
-1.23081927113017	-1.24332359512819
-0.408414435700432	-0.412018260212717
0.82253266797544	0.824494106929223
0.972949546984344	0.977079548924881
0.692401603881272	0.702446555669278
-1.0795756514821	-1.06462375186337
-1.28268688140509	-1.30386568247435
-1.0795756514821	-1.06462375186337
0.0848120983458163	0.053319434780561
0.361976759257807	0.368268581796311
-0.309592600311788	-0.307100588166332
0.348082720130612	0.347741621165219
0.124506867037396	0.127172129757301
-0.569132954696761	-0.57103586238982
-0.186232225840052	-0.198958739283677
0.426655147130366	0.42119544457344
-0.990185151004705	-0.977906039302722
0.513831089260584	0.507006124915618
-0.0439470981342529	-0.0402845806093257
0.48744749363812	0.490555101225335
0.782906148913031	0.790903197997824
-0.396014373611081	-0.395396389233104
-0.172864223917367	-0.158861546462688
0.580839864768738	0.595198566972202
0.0948417886586679	0.091842537143588
-0.750557318114544	-0.759456659846292
-0.496162465023946	-0.488198232626003
0.00664136211395316	-0.00407150558530489
-1.18360702238667	-1.19229682738057
-0.496162465023946	-0.488198232626003
-0.140900619749939	-0.146033535564974
0.100417480007739	0.108723470821868
-0.139495007850442	-0.14965438258465
-0.0965919555110339	-0.113526445114177
-0.652648678039426	-0.65890872606405
0.164713058417786	0.163561543448684
-0.508773516448781	-0.54965938389402
0.536983784113014	0.533918451343358
-0.0965919555110339	-0.113526445114177
0.554816880254468	0.565891201579995
0.193472363246227	0.193912669721465
-0.0615293780967843	-0.0493914446521275
0.515379559752166	0.52298325058813
0.0266504920657082	0.0361242088078582
-0.0948122892178933	-0.101424047991532
-0.625765386234258	-0.62311892593162
-0.957976506981424	-0.963237480411793
-0.0703025123279462	-0.0815708959500405
0.625515223049654	0.623522756969909
-1.31768296846666	-1.30860990253066
0.437605214218499	0.461757114224225
-0.722540206331874	-0.701772595472746
-0.58530876950471	-0.576626311017999
-0.645001725969307	-0.639782739810074
-0.122476280974058	-0.165438981314567
0.863103990224812	0.874649638573034
-0.957922212503243	-0.948485805856173
0.332332994369547	0.315895805412557
0.863493243450187	0.874649638573034
0.371893726330837	0.366365269463712
0.0757066286793258	0.0743933953205032
0.670177647145588	0.667210871410753
0.411638789416842	0.39733435801778
-0.700907254288805	-0.716289681364136
-0.69137868309806	-0.704230877730673
-0.735539383088863	-0.750500282098459
-0.451338727996525	-0.421313880191112
-0.20389284586498	-0.196424976164317
-0.20389284586498	-0.196424976164317
0.915247190901643	0.919979876564712
0.848523768652749	0.852686816957373
0.723506351194726	0.73150401261986
-0.451338727996525	-0.421313880191112
-0.260817975250167	-0.25609547880037
-0.341752800963637	-0.335444151142702
0.163206837159982	0.167089805240476
-0.825836259807554	-0.82542657856126
-0.427826113641649	-0.415755802641529
-0.825447006582179	-0.82542657856126
0.0670204458252313	0.0587856559884283
-0.427631487028961	-0.415755802641529
-0.239925908459935	-0.230197441333003
0.341964830414704	0.342362905792601
-0.103418738922067	-0.101818179003463
-0.560517598261596	-0.571178180134496
0.0655937245422873	0.0620767439077854
0.563288588619852	0.574165375224817
0.502287174093561	0.505685308094639
0.140376355199034	0.0923890517453598
-0.123451999893851	-0.121313517714073
-0.0988863994065161	-0.0963671033854627
0.0447992087342266	0.0394157888696407
-0.581162095414744	-0.560485748027735
0.405053247621635	0.400213353287096
0.614703438506414	0.617127600006315
0.614703438506414	0.617127600006315
0.614703438506414	0.617127600006315
0.615092691731789	0.617127600006315
-0.69174118839503	-0.710318999151802
-0.0615994699241602	-0.058357947697572
-0.582889779157817	-0.574838603567235
-1.2499415062695	-1.2575641149399
-0.684581539945735	-0.691807500318226
0.660978524340561	0.673349739533546
0.610448622122289	0.624137254762172
-0.684581539945735	-0.691807500318226
-0.228907741402184	-0.222098481765461
0.610643248734976	0.624137254762172
0.661173150953249	0.673349739533546
-0.943931707056676	-0.948507585276058
0.535231166595611	0.569614115805295
-1.01898289370783	-1.00739321994264
-1.01898289370783	-1.00739321994264
0.337914724392563	0.358896589188877
0.486803665630731	0.490333927591776
-0.283377990248077	-0.269818453024452
0.348040123071146	0.35377504319241
0.337914724392563	0.358896589188877
0.535231166595611	0.569614115805295
-0.969462439507724	-0.95750039128536
-0.938772106106907	-0.952986517109987
-0.562791684725226	-0.556322078858744
-0.00831921173249484	0.00280042145372317
-0.0233431012437704	-0.0274411340668452
-0.590520338945795	-0.587867585726572
-0.705620549197133	-0.729349847726193
-0.938772106106907	-0.952986517109987
0.81361873380233	0.820139761125869
0.81361873380233	0.820139761125869
0.81361873380233	0.820139761125869
0.81361873380233	0.820139761125869
1.54097605830732	1.53583996873725
-0.345983242059039	-0.333194856179455
0.81361873380233	0.820139761125869
1.54097605830732	1.53583996873725
0.188880785026125	0.176398354343931
-1.44912787175169	-1.44983461434977
0.188880785026125	0.176398354343931
0.699667212454537	0.646244166571546
-0.914070817681937	-0.907855699144225
-0.914070817681937	-0.907855699144225
1.00982677556334	1.00869630109081
1.00982677556334	1.00869630109081
0.412108780247219	0.421186383504374
0.41889889848543	0.430700679780252
0.168065881986045	0.153402556529137
0.894723409065286	0.90427970204208
-0.100011852747791	-0.123207470921031
-0.108648190839061	-0.0998813880939586
-0.932914349615409	-0.939825935231262
0.569926999664942	0.574513441092055
-0.0508806517730633	-0.0733146422636963
0.168065881986045	0.153402556529137
-0.0177756629048131	-0.0188452953390286
0.894723409065286	0.90427970204208
0.213720618220036	0.22104749779185
5.55689831598372e-05	0.0234496494503311
0.0769577590217549	0.074877683936136
0.188776601841885	0.188491473249177
0.213720618220036	0.22104749779185
-1.29756711012471	-1.30880713796468
-0.0698694007565139	-0.0582358884679461
0.522677414353554	0.52605874660152
0.380879707630986	0.397583480339318
-0.0698694007565139	-0.0582358884679461
-0.150398692262782	-0.146705969045931
-0.707904190266073	-0.691058861028188
0.522677414353554	0.52605874660152
-0.131937300639674	-0.133042109838294
-0.459707345814004	-0.455640524656689
-0.860189452247115	-0.86370632957599
-0.524803101404711	-0.515987325605776
-0.524803101404711	-0.515987325605776
-0.292954036473171	-0.273763222220201
-0.692002244374148	-0.675841045000225
-0.21488006875831	-0.205319889200283
-0.218098576391588	-0.209028099466381
0.57740955798038	0.569308970111966
-0.914859263044094	-0.915294906656285
-0.69180761776146	-0.675841045000225
-0.641892982712263	-0.620971768787825
-0.156189665155233	-0.146910237943601
-0.0587532358083234	-0.0487953556112428
-1.38239476071806	-1.36958055803255
-1.12727046643843	-1.1256715513932
-4.72485478868024	-4.70249405983646
0.517391861890224	0.548759554233187
-0.180650873888905	-0.154153048488449
-0.355511296528215	-0.367868617032037
0.637294025892432	0.62376381359789
-1.38239476071806	-1.36958055803255
0.0121921041845861	0.0356432219454446
0.17271809454029	0.187387023439049
-1.08200661597569	-1.08144518194004
0.290865622232035	0.299678807767918
-0.454073435304805	-0.425006590929033
0.18200467398733	0.168013988509903
0.18200467398733	0.168013988509903
-0.288705237183684	-0.29663166721323
-0.0544293129335056	-0.0598361329817827
-0.0544293129335056	-0.0598361329817827
0.294101044533487	0.310308293277119
0.820387624191157	0.826910594417493
0.514829568245926	0.524098392389249
-0.137251053138248	-0.144352108981357
1.12077862466596	1.11329288046672
1.59958900075654	1.56866736823292
1.29672932103612	1.29270552495434
0.0916427890912361	0.0944020709241613
0.0916427890912361	0.0944020709241613
0.0916427890912361	0.0944020709241613
0.0916427890912361	0.0944020709241613
-0.361223793973711	-0.358154216724193
0.681129512181357	0.676394025326458
-2.07209157222457	-2.08269491246521
0.230749813328761	0.229928076425329
0.300891172611228	0.295774017127536
-0.64687864021803	-0.644998115049674
0.411077948075163	0.406795159118044
-1.41829028429302	-1.41516810373777
-0.628321904501154	-0.629039036956159
-0.560087191344421	-0.562264788367894
0.679692160196758	0.703382942808254
0.679692160196758	0.703382942808254
-1.02611910906009	-1.02527902672854
0.999003896341982	0.997446734162764
1.18991515706159	1.1967052336486
0.976328606192453	0.983209804794082
-1.02611910906009	-1.02527902672854
-0.20413907387068	-0.206649641754625
-0.198918752154222	-0.189439616800458
0.679692160196758	0.703382942808254
-0.608990874389256	-0.632737086593401
0.568125101017246	0.480621103770917
-0.369818304399383	-0.457781276011222
0.544557904754229	0.550902700524363
0.544557904754229	0.550902700524363
-0.521708241412737	-0.524415785784659
-0.542236600734364	-0.549099404201311
0.375193714778761	0.367897085117351
0.434563252683449	0.437281282581016
0.544557904754229	0.550902700524363
1.51819159479412	1.50764954536089
0.541704094496991	0.552179033292936
-2.19830791539673	-2.18307189654191
0.659352643740762	0.689205199751938
0.371955189046258	0.359833635862909
-0.14595492088191	-0.142954827641973
-0.465442091286103	-0.460324490805047
-0.098992161249841	-0.0975803935296593
-0.265103742530978	-0.247058055326451
-0.792468149535249	-0.81392739421711
0.377815189887416	0.400873889905082
-0.453471679345702	-0.483466153700684
-0.530698987466971	-0.5241786545285
0.69778385669752	0.665885410791595
0.576616793512649	0.582504966303027
-0.293959481561724	-0.281901326150509
-1.39733344923769	-1.38859198798174
-0.530698987466971	-0.5241786545285
-0.453471679345702	-0.483466153700684
-0.0411804813448784	-0.0368059826291782
-0.151407738201724	-0.143706691578884
0.816343027711671	0.794474145611164
-0.694499485727274	-0.679389119797378
0.00857934620970546	0.00420909294320548
0.00857934620970546	0.00420909294320548
-0.742428299245104	-0.733140749800964
-0.694499485727274	-0.679389119797378
0.820666026228759	0.818408434411339
0.300627250338473	0.28074012659536
0.692884536346003	0.693342808002088
-0.604291708152931	-0.616395928635225
-0.46943149812454	-0.450821619513124
0.313803868013724	0.322715379237255
-0.407212023403045	-0.390041994309286
-0.114552328618811	-0.140492283797857
-0.484873723648469	-0.501910580268523
-0.264793696502021	-0.265064472895469
-1.92130856487321	-1.92137083681739
0.633662273210071	0.63456444730317
-1.05736801988809	-1.0545748132447
-0.293737035165327	-0.269322512880517
-1.0139722886687	-1.01990357765119
-0.239063610989211	-0.248979906526787
-0.460145177931688	-0.515126559956199
-0.567826738148839	-0.576920864225335
0.754439929254725	0.755055723738067
-0.245591239275794	-0.24161522122122
-0.702527421500898	-0.692084735077794
-0.245591239275794	-0.24161522122122
-0.702527421500898	-0.692084735077794
-1.43919185649568	-1.44203353849709
-1.5852841223902	-1.58730122382554
-0.520322781641624	-0.522746126973391
0.765391766171433	0.757888936548154
0.765391766171433	0.757888936548154
0.264762547655573	0.251594584628961
-0.506313258748089	-0.491791086727534
0.331997958700124	0.335599783736925
0.45355782998964	0.458120085029569
-0.289007905637497	-0.274262345487401
-0.47913850434737	-0.483310707507149
0.120531430236037	0.11423466806586
-0.432653306912806	-0.43965431677988
-0.640837410779057	-0.656979741738009
0.0215012367454328	0.0182354683664645
0.0494446500464987	0.0586033291673376
-0.261636769243231	-0.260565441417127
0.425382190411528	0.43640163980197
0.909758830660827	0.918885014379041
-0.778601610667854	-0.755393666721243
-0.667107105051286	-0.643348777955747
-0.620408614793545	-0.615662361515327
-0.125572502128757	-0.119180714385383
0.213300144661842	0.225468065121619
0.549922532050217	0.561192884044989
0.174137277936469	0.196687949841461
-1.01151260469077	-0.999995360374973
0.161961682046059	0.180294466766147
0.161961682046059	0.180294466766147
0.440032934728494	0.462155394899891
-0.667917822441577	-0.66700562347553
-0.0612325415118011	-0.0504513086419145
-0.837009957471014	-0.822749895628098
0.162156308658746	0.180294466766147
-0.477091178664736	-0.476646281166374
0.471677376305221	0.471164942275919
-0.540971601545917	-0.52664189216014
0.46459853521583	0.487101809228558
-0.270371319724883	-0.26613010147044
-0.251768743146139	-0.237068179842893
-0.943374723049234	-0.91698935774997
-0.35099848113182	-0.348858678755223
-0.748893405631037	-0.737835828894324
0.582521263853513	0.594445061817755
0.345074461209371	0.348435915091169
-0.468799113678502	-0.450704810116846
